0,319
0,318
0,317
0,316
0,283
0,243
26,3
26,2
0,9
26,1
26,0
25,49
25,48
25,47
25,46
25,45
25,44
25,43
25,42
25,41
25,40
25,39
25,38
25,37
25,36
25,35
3,1
3,3
11,30
11,29
11,27
11,25
11,23
11,21
11,17
11,11
11,8
10,315
10,314
10,313
10,312
10,311
10,310
10,309
10,308
10,307
10,306
10,305
10,304
10,303
10,302
10,301
10,300
10,217
10,299
10,229
10,298
10,203
10,297
10,65
10,296
10,295
10,211
10,294
11,28
11,22
11,12
11,20
11,24
11,1
11,26
11,2
10,293
11,3
9,7
8,15
8,18
8,8
8,5
8,14
12,2
12,1
12,3
10,292
20,2
20,1
